50000
50003
50012
50014
50016
50021
50023
50025
50027
50030
50032
50035
50037
50039
50041
50042
50046
50047
50055
50057
50059
50063
50064
50066
50073
50080
50082
50086
50090
50093
50095
50099
50100
50102
50103
50105
50113
50114
50118
50120
50122
50131
50132
50134
50137
50139
50140
50143
50144
50145
50149
50153
50154
50156
50157
50160
50169
50170
50172
50175
50176
50177
50180
50182
50185
50187
50189
50191
50192
50195
50201
50204
50205
50206
50210
50211
50212
50214
50216
50217
50226
50228
50230
50231
50234
50236
50239
50245
50248
50250
50251
50252
50257
50262
50267
50268
50281
50283
50288
50289
50292
50293
50304
50307
50309
50323
50326
50329
50330
50331
50337
50338
50344
50346
50347
50348
50350
50352
50353
50356
50357
50361
50363
50364
50367
50368
50369
50376
50378
50380
50382
50384
50388
50391
50396
50398
50400
50401
50403
50405
50406
50411
50412
50416
50417
50419
50420
50429
50432
50435
